PC1	PC2	PC3	PC4	PC5	PC6	PC7	PC8	PC9	PC10	PC11	PC12
S_Mozabite-1	-0.0845203633863215	-0.11140582683753	0.00554945654092236	0.00519331146786701	-0.0299214844783595	-0.0484936975608102	-0.0482844540975447	-0.0526561536277479	0.0283080560326151	0.0824184001908961	0.0279814720527456	-0.0963504595285437
S_Mozabite-2	-0.102292972096409	-0.0893487671071206	0.00692706990074029	0.00458721688537807	-0.019520143934267	-0.0539888324253277	-0.0337087962927625	-0.0506142280243192	0.036044986469928	0.0618962537521316	0.0226626727420505	-0.0789103145684504
S_Saharawi-1	-0.0839199702827713	-0.106852592377645	0.00638988927799898	0.00573109701370664	-0.0171067401743427	-0.0471145283563033	-0.0494252272654064	-0.0686384766597013	0.0319285095179323	0.068892927713728	0.00379422704424422	-0.079669265995679
S_Saharawi-2	-0.0894302657949499	-0.104498785791654	0.0033917563874194	0.00547769905676288	-0.0225878725249107	-0.0441162209870398	-0.0481166196676822	-0.0578832759270751	0.032800865642421	0.0707704829928405	0.00949663796945389	-0.0684141596696329
S_BantuHerero-2	-0.29922921285818	0.0914123520193462	0.0268952096061549	-0.00442679581237271	0.0161906014467748	-0.0460252223197231	0.00548297737590761	0.0112588635271428	0.0190918907205656	-0.0169587117830099	-0.000349235467201131	0.00998880273178755
S_BantuHerero-1	-0.295004175952916	0.0926863458975771	0.0240640807772849	-0.00222236211080071	0.0202373481663884	-0.0513728757843436	0.00887153450328273	0.00820072982177212	0.0189185411451207	-0.0151193244483388	0.00257201529334117	0.0154240123293373
S_BantuTswana-2	-0.298218205678784	0.092957063398318	0.025713501844243	-0.00241323341775671	0.000339936770329741	-0.00828872858721477	0.00622208730874477	0.00694733524725506	0.0430069401362042	-0.0215304277785968	0.000950617017488513	0.00769682541520465
S_BantuTswana-1	-0.304518099593368	0.099894907084914	0.025765198466125	-0.00396217258557681	-0.023002710182501	0.0338528728267441	0.00474387925516378	0.00656187540971435	0.04155433233335	-0.0210053545102698	0.00207863940439999	0.00920659887854863
S_Lemande-1	-0.294627547577272	0.0935877865666236	0.0252911419096706	-0.00377034390955005	0.0308728825255531	-0.0700154287082959	0.0161056976820168	0.0124174505407721	0.00968141214777322	-0.0130621999703893	-0.00577811707541879	0.00964266284829204
S_Lemande-2	-0.295624047077087	0.0921339939936771	0.0262700074378905	-0.00486726504415405	0.0321457191062194	-0.0726381024566913	0.00915185670515793	0.013958608998756	0.0126005373969342	-0.0188785214143124	-0.00242847459029635	0.0116364780794332
S_Biaka-1	-0.306447783267932	0.10231219663318	0.0257369827992621	-0.0046932048186777	-0.0191458056488096	0.0356611133493302	0.00509094231559576	0.0104424758300347	-0.0602566925669629	0.00847581052284649	-0.0109697267317184	0.00972908724261868
S_Biaka-2	-0.307545824817495	0.102208629853014	0.0266369151441781	-0.00890303723252238	-0.0243669739780392	0.0429138840329918	0.00440324371951845	0.0102881761366704	-0.065939117699607	0.00944701132955623	-0.00642875397969115	0.00419601712684433
S_Mbuti-3	-0.31196356871748	0.10305111928876	0.0263337982900909	-0.00869772738377098	-0.0521632662282882	0.112284981847062	-0.00333628248803011	0.0112850466508301	-0.25384766747994	0.0708426178913248	-0.0101618663441792	0.00154334468062122
S_Mbuti-2	-0.31250306066609	0.10812293042138	0.0263983554848988	-0.00581702160106813	-0.0508618534461329	0.11377613825144	-0.0023434403427249	0.0130148980835045	-0.252778094924755	0.067172189809304	-0.0137189463403369	-0.00506164638938926
S_Kongo-2	-0.295428094120717	0.0908197900352489	0.0271153135121515	-0.00446161846814462	0.0275742566446254	-0.0660876945027846	0.0108901981511282	0.0103309946809268	0.000561597712443634	-0.0155652047255678	-0.00882707246860387	0.00676726719129059
S_Mbuti-1	-0.312336311312775	0.104154759138017	0.026072158217952	-0.00937168681716136	-0.0532333054165207	0.116158442992527	-0.00644234222435258	0.0102537935942054	-0.252519207730922	0.0662761307651411	-0.0145672462306484	-0.00408975370464739
S_Gambian-1	-0.294257258380427	0.0896907296971031	0.0240497052796705	-0.0022857980083216	0.0314483522712162	-0.0741873779687767	0.0123503433795368	0.00750840177619207	0.0278570840054515	-0.0211444981345287	0.00450141551502177	0.0120941679942592
S_Gambian-2	-0.283539391158266	0.0779620968384997	0.0225313804331786	-0.00321819744773035	0.0275520161959352	-0.0825476945918518	0.00551819723194506	0.0102830723740292	0.0249837681035204	-0.0084697037174873	0.00680111296554487	0.019697507973164
S_BantuKenya-2	-0.285883643372767	0.0879748866881052	0.0232724315330896	-0.00136110902244285	0.0274427599350157	-0.0649115672815911	0.00956306270277498	0.00953980195020734	0.00194328841330522	-0.012692023643905	-0.000876870300796843	0.0084100584016206
S_Somali-1	-0.17373259365091	-0.0134192674004742	0.0106410510891984	0.00343279064866511	0.00783586854921447	-0.0466508051355964	-0.0303096472200357	-0.0619120322469421	0.0104435473007241	0.060671409977167	0.014374430782233	-0.0728510219171306
S_Luhya-2	-0.282895614130656	0.0830794924665752	0.0258538087832689	-0.00360057091457727	0.0234312428555259	-0.0637610974198624	0.010653546959679	0.00941545411717816	0.00175547194451853	-0.009183080831854	-2.35862634946244e-05	-0.00124796788712455
S_Luo-2	-0.284226132853825	0.0837747504279731	0.0237099203125541	-0.00247734714139193	0.029795008527856	-0.0620134686581465	0.00881048881941206	0.00827327198695706	0.00154227565560324	-0.00021461161550783	-0.000853375784731611	0.00135056328129538
S_Luhya-1	-0.288109497490713	0.0877424147926061	0.0261014594913622	-0.00132666573400243	0.0264394114202841	-0.0651230568388209	0.00911412892052606	0.0126358475139445	0.0031392870728509	-0.00375261437057947	-0.00715254416103454	-0.00338198181849581
S_BantuKenya-1	-0.282033805300194	0.0852134901162394	0.0241757557172975	-0.000568118785470918	0.0270155463680315	-0.063488143979151	0.00770442690104854	0.00733408534696316	0.00421400362165098	-0.00545134629629379	-0.00691689090337582	5.21929129174861e-05
S_Masai-2	-0.222348253487141	0.0305226747768371	0.017456774804446	0.00217352914264032	0.0167688367636462	-0.0477171259039278	-0.0141941931957372	-0.0386843692944893	0.00726866074093625	0.0265079674606322	0.00951323592921564	-0.050274293531172
S_Masai-1	-0.220286861680017	0.0321678951435904	0.0144590990266555	0.00361874098275904	0.0171494734699288	-0.0482748105708634	-0.0187943694982026	-0.0374560310305927	0.00689604767914462	0.0297490270081633	0.00984349283359143	-0.0497833866169262
S_Luo-1	-0.282757276363217	0.0848723459092612	0.0225532179585273	-0.00126499777069485	0.0263245746252331	-0.0600155306455943	0.00657937968058412	0.00286987613652452	0.00154485346579029	0.00155940742676083	-0.00243484780131375	-0.0118065663616042
S_Ju_hoan_North-3	-0.311147722204892	0.103813853516198	0.0276118562838089	-0.0083799818767581	-0.108410663418606	0.233099712839986	-0.0139870823501213	-0.016145295561288	0.103818112019951	-0.0258850968700249	0.00764343628172377	-0.00435150184270411
S_Ju_hoan_North-2	-0.311715924082016	0.104809361094433	0.0253375188552782	-0.00757737163147125	-0.110759100908744	0.236702690065453	-0.0156578815673047	-0.0152272646749927	0.111722452226709	-0.0238072134693688	0.00557500328419206	0.00114731549524943
S_Ju_hoan_North-1	-0.311897227597495	0.105188754168288	0.0257471069457139	-0.00915677882412893	-0.108846217953477	0.235369480871781	-0.0148045370382001	-0.0127937534942512	0.11133304841253	-0.0225835794884522	0.00778707888762579	0.00214959792501044
S_Yoruba-2	-0.295546017305075	0.0945971604392729	0.0223922922385503	-0.0021902407277296	0.032754270868867	-0.0846719406461052	0.0103139179857523	0.0158759467008847	0.024891134491212	-0.0166492600672391	0.00536174344735117	0.0216448807788762
S_Esan-1	-0.295146922018637	0.093368301302402	0.0266003652675438	-0.00432188590327254	0.0357211140253855	-0.0846882176018589	0.0127646247436025	0.0141610828282288	0.0177649741055979	-0.0198786481972154	-7.89151583251515e-05	0.0197511847854294
S_Yoruba-1	-0.295283955226212	0.0913746348760279	0.0277652195438508	-0.00299305854333548	0.0329565829375392	-0.0824110697483461	0.0141042185725788	0.0178635868412729	0.0201346062872699	-0.0163623165096189	0.00278929444779192	0.0140098565663455
S_Esan-2	-0.295244340433562	0.0934976057082741	0.0242936172630032	-0.00188920439124947	0.0292810478336628	-0.0768531413017131	0.0131348960284127	0.0145929144467982	0.0184927546779079	-0.0173854582994598	-0.00364250160212268	0.0234825106663039
S_Igbo-1	-0.296686691833261	0.0929763929263815	0.0236853854366812	-0.00141196149595836	0.0297766174189894	-0.0717214739506201	0.00763254196813195	0.0131930795900777	0.0144492835214641	-0.0184969027578131	-0.0046422348689704	0.0195873205134982
S_Igbo-2	-0.297537666404285	0.0931312250519788	0.0257724995224567	-0.00358307088859466	0.0311131409050145	-0.0773068373565855	0.0135418719684305	0.0163456121647061	0.0167802265596694	-0.0165068893343271	0.00651497595331998	0.00999558218631795
S_Mandenka-1	-0.289809276619817	0.0879523634123138	0.025388412976879	-0.000119062075165527	0.0316528003625033	-0.0786820783393136	0.00567495585250446	0.00756455964290783	0.0273864970715752	-0.0204340920007627	0.00526328222795772	0.00462219173058628
S_Mandenka-2	-0.286130309851886	0.083655656400926	0.0263563095639643	-0.00388081888116223	0.0316640719919221	-0.0825604317282954	0.00377907608470867	0.0115992096713509	0.0273011866349953	-0.0127667655065368	0.00395915923068115	0.0107759252396502
S_Mende-1	-0.296333053287903	0.090927791873034	0.0258659813568217	-0.00348450017334487	0.0264993113403339	-0.0700307792908692	0.0109608658038679	0.0193634851798724	0.0201732710118823	-0.0150628241873895	-0.00169260906517286	0.0254052692946949
S_Mende-2	-0.297133722374264	0.0930350233786455	0.0260711741174852	-0.0039463466710545	0.0278096661669354	-0.0713143970237867	0.00990583817694212	0.0150078155005292	0.0200747602655725	-0.015901473763884	-0.00395033371114276	0.0246503065154139
S_Khomani_San-2	-0.311493815036957	0.106935497273794	0.0252215599800176	-0.00852890179647946	-0.104497570152361	0.220771113548311	-0.0110191590345707	-0.0161388960516303	0.0992357742440067	-0.0204257424811454	0.00803981089158709	-0.00049013713873074
S_Khomani_San-1	-0.311385605733116	0.100655005315584	0.0284684141676304	-0.00803661062723999	-0.108105274952207	0.237710160503406	-0.0150109354910118	-0.0151740947806746	0.105395043911574	-0.0233465690014058	0.00748970269925842	-0.0105692783847262
S_Dinka-2	-0.27468186282121	0.0808375949553697	0.0226639326098395	-0.000208080215114778	0.0318433066880483	-0.0655151115562786	0.00722219133615296	-0.0024099621221282	-0.00247764436547515	0.0126239813438775	0.00570340926296946	-0.02962365211237
S_Dinka-1	-0.270982860256959	0.0800111909279159	0.0227389165106564	0.00255327899872613	0.0361192071006188	-0.0664032639959502	0.0084507061294938	-0.00413179526059666	-0.00542789676655829	0.0117457147503438	-0.00429299042119934	-0.0386306426000094
S_Chane-1	0.135528636893261	0.0855208978519899	0.132169558966065	-0.175229411796039	0.00979488650965491	0.00101186097330738	-0.032261538627256	0.00971578879722873	-0.000891250720400867	0.00403663300248755	0.0130221862719345	-0.00100141441692077
S_Surui-1	0.141086335293836	0.0935036748308526	0.137738997936993	-0.186289180120712	0.0153182746812054	0.00203577447706575	-0.0525331732896315	0.0125335507482585	6.00357830961949e-05	-0.00375824183679386	0.046570584766164	0.00322221182595471
S_Surui-2	0.140493121423301	0.0909317616369641	0.140169976928946	-0.188654243686884	0.0174596999031372	0.00139286159364693	-0.0553510038553552	0.0124550401231149	0.00181150962313348	-0.0015633855390299	0.0533842487966305	0.000122451345593913
S_Karitiana-1	0.138844313596496	0.089817954438839	0.145163805379374	-0.194929315540863	0.0178007015937586	-0.00215187478809499	-0.0673847601130918	0.0268292518197122	-0.00392443281352079	-0.00782623736926894	0.0638014690766527	0.0126311950512968
S_Karitiana-2	0.141708349572439	0.0936347650971708	0.137817260663506	-0.188325570214047	0.018763952355951	-0.000110132869747233	-0.0634645470763787	0.0251868138613069	-0.00187534004839776	-0.00655661546011529	0.0627880760860756	0.0103026317377455
S_Cree-1	0.0840212990730602	-0.00353349196462408	0.0756914764352769	-0.0770109108941847	-0.0175652068884427	-0.00463705085030972	0.0178515953868407	-0.000898506450507223	0.00574808605588388	0.000615397510911689	-0.0399324108581329	0.00446261192317941
S_Cree-2	0.096217499781332	0.0202150682632311	0.0883280070400943	-0.0971767191529341	-0.0115515262188402	-0.00540589210959351	0.0160147812216569	-0.00307332379564995	0.00810478980394832	0.0070170622584025	-0.0311103257441675	-0.00548010106114886
S_Chipewyan-1	0.123189981844723	0.0736063333700149	0.0979738445644868	-0.099730214293891	-0.0086757539616697	-0.00330091433632906	0.0497815513206201	-0.0315673146354666	0.0115227573332142	0.0107380140891271	-0.0738880856789464	-0.00591358273626888
S_Chipewyan-2	0.123747185942487	0.0784517246861086	0.102295218270698	-0.0990202455431943	-0.00608094512099519	-0.00124309778145405	0.0469149285515311	-0.0296757852069694	0.0124514027621474	0.00857328679032083	-0.0858503050642705	-0.00382048123404123
S_Piapoco-1	0.135303847552976	0.0899647987744141	0.138515536029909	-0.179328508990429	0.0127222922034586	0.00176875966546354	-0.0393210422405233	0.0122398297963936	-0.000943715353241325	-0.00255649884161182	0.0122274527187566	0.000544731125495937
S_Piapoco-2	0.135215103051435	0.0897159443857818	0.13789486453962	-0.174310101033155	0.015970777846329	0.00277274423266118	-0.036157930648061	0.0111088101115776	-0.000727414453153216	-0.00126807999345379	0.0226945826470868	-0.00099818922931145
S_Pima-1	0.13174805944265	0.085874447090875	0.127327758738415	-0.160170445972672	0.0101894022344692	-0.000664181879708297	-0.0180176231824647	-0.00169324129715677	-0.00295014537082462	-0.00257208234335272	-0.0118244108584566	-0.00744900259155897
S_Pima-2	0.133944751977238	0.0855972134185701	0.129030162500085	-0.160064056592329	0.00627561317131387	0.00473000506712029	-0.0200248848527627	0.000210627292720532	-0.000444586272880272	0.00173957205999679	-0.0206781932441252	0.00300390139249328
S_Mayan-1	0.135309758213775	0.0828674350223366	0.129198359799444	-0.164811126665676	0.0121303113496702	0.0037930881087864	-0.0283480568473983	0.0067447799516433	-0.0012231741552268	-0.00634173142223756	0.00923506303880664	-0.00294240687100749
S_Mayan-2	0.131948812056183	0.0852321050798008	0.133578855293528	-0.16822442460057	0.0115861900864272	0.00238552984167205	-0.0343949646815594	0.00403212313964592	-0.0012152818211771	-0.00264790035038044	0.00310572374593876	-0.00447371904895405
S_Zapotec-1	0.131192151978548	0.0778919317426037	0.128382207257763	-0.160663664301314	0.008528336425881	0.000208007675737179	-0.0302557173754145	0.00560893367277552	-0.00308247068958205	-0.00451404880401323	0.00564321670494821	-0.00167448264241321
S_Mixe-2	0.13305443792972	0.083962489588238	0.135597062224834	-0.1712698894044	0.0122544677382211	-0.000999817536518844	-0.0337722718030693	0.00223784865943266	-0.00111891215891175	-0.00556007002555351	0.00751179442809378	0.000589883633780048
S_Mixe-3	0.131420605519798	0.0861334840459326	0.135179040526221	-0.172761177780002	0.00841990876918645	0.00325703492367853	-0.0303109835289442	0.00264640049964203	-0.0060983936953617	-0.00422605716014275	0.00482829690344494	8.40876363951068e-05
S_Mixtec-1	0.119934422023934	0.0728581057692159	0.124549020586575	-0.158143461621439	0.00966837834950909	-0.00146696061061032	-0.0291581884057822	0.00747131292028406	-0.00286621450142548	-0.00431229745916693	0.0116542543511095	-0.00283802725974877
S_Mixtec-2	0.0853373328708153	0.0246636013934262	0.0985731905272349	-0.12506810772136	0.00325235183453909	-0.00378796620506405	-0.0200574929635485	0.0120464933386125	0.00510977771357704	-0.000926728057366158	0.00379012775400717	-0.0111163181931382
S_Nahua-1	0.13175174479028	0.0797035331271288	0.13116199319141	-0.164401640289472	0.0106174097975677	0.00185251624477067	-0.0292042412291872	0.00749341613036393	-0.000708550304159151	0.000354076144261805	0.00596566218985728	-0.000112783329249003
S_Nahua-2	0.130006265089647	0.0791237154564529	0.128486409234967	-0.162811325302834	0.0108583189713319	-0.000781642324328504	-0.0267061085302235	0.00377577474323396	-0.0018363353017136	-0.00788480503499808	0.00536984503185122	0.00185945065574133
S_Zapotec-2	0.126066369386805	0.0724380813331765	0.125947092775123	-0.161109638608422	0.00885184131986644	0.00238391116096641	-0.0290108217112115	0.0059493200325882	-0.00336017001258425	-0.0034764401360932	0.000568570568895711	-0.000817708411564956
S_Quechua-3	0.133423346785796	0.0806728261744424	0.130868420259318	-0.166430780619359	0.00822372756904555	0.00250961321787944	-0.0286596387618602	0.00810515255937469	-5.25848538413327e-05	-0.000296209496522162	0.00664519458180315	-0.00196988272259129
S_Quechua-2	0.132453716961464	0.0818286765038804	0.134857645114376	-0.169841001798381	0.00972560083902304	-0.000842398919692066	-0.0338242709642924	0.00531610476223289	-0.00560610227355782	-0.00164173025800238	0.00626838892289689	0.0013418023598615
S_Quechua-1	0.124518910541382	0.0675038768701565	0.127781230214872	-0.159177517396889	0.00506485730389819	-2.04673542408699e-05	-0.0251600154376716	0.00197512113646764	-0.00187020120070735	-0.000426139830578287	0.0151101144834656	0.00150225963969693
S_Mongola-1	0.107798854850014	0.0916732207710237	0.0168837527432446	0.0799974669681265	-0.0265903671246207	-0.00948431809370549	0.00140496676133399	-0.00994335071103172	-0.00640732801640054	-0.0124846235451087	0.0247354675439044	0.00212727511072022
S_Mongola-2	0.107041967086712	0.0906094031043079	0.0160997328915975	0.0831792506126535	-0.0282582739975882	-0.01123237512464	0.0108093970822241	-0.0132334979474996	-0.00594456470146993	-0.00543203683827496	0.0362835293866034	0.00418332933447167
S_Tubalar-2	0.0713916189187897	0.00431864520634683	0.0251692343048354	0.0308177259896523	-0.0217708162092359	0.000818455679679935	0.060834916087966	-0.00576713775659922	-0.00856631499561597	-0.0145489417297246	0.0308398576844794	0.0195839089057403
S_Yakut-1	0.100791632686216	0.0745554970893012	0.0242876202672079	0.0584902160222016	-0.0312649658074784	-0.0105746743924678	0.0739522258816577	-0.043556725866281	-0.00566380186804412	-0.00116162600736692	0.075063812154463	0.00320481726472049
S_Altaian-1	0.0853435415788299	0.0385334141465971	0.0237979497507341	0.0531348030517621	-0.0261758491341298	-0.0096072858071635	0.0518249200603367	-0.0247238710123669	-0.00585989556666007	-0.00607360091966425	0.0540513605579687	0.0140389553906114
S_Tubalar-1	0.0729215460554003	0.00240166080528201	0.0234729678745317	0.0278513444167783	-0.0206131054917612	-0.00494850566793995	0.0597455525180981	-0.0105404198323538	-0.0104950033349651	-0.0118543056428698	0.0396186190201895	0.0163267918877678
S_Ulchi-2	0.11411763271198	0.0987896390133706	0.026547713067717	0.0627001382772853	-0.0336200274849607	-0.00946012421204995	0.0708999807990571	-0.046432042929457	-0.00627010875116524	0.00680987254057364	0.0524453638807933	0.00442198859473431
S_Ulchi-1	0.114351639007674	0.101467063360922	0.0293700370838101	0.0665782728393781	-0.0380060728898532	-0.0124629637177965	0.0705251016759102	-0.0438459195709802	-0.00136048279776946	0.00733221100171323	0.0547838108499782	0.00341383483582091
S_Aleut-1	0.0798007426128364	0.000857617686779999	0.0571447581791404	-0.0321261336580686	-0.0337246558027267	-0.00786812544877916	0.0829309716898914	-0.00965396607198872	0.00876980773627873	0.0129306111449986	-0.0876257268368033	-0.00847072882639278
S_Eskimo_Sireniki-1	0.119396371857983	0.0821071037053587	0.0692637182333804	-0.0255537093049827	-0.0332542081526436	-0.00891612795837345	0.131342342234037	-0.0712552081443915	0.0104197017935735	0.0383706990860652	-0.104841167536902	-0.0135916400016222
S_Even-3	0.109807680600729	0.0877417369720127	0.0312016416436739	0.0560729169318012	-0.0409309003300531	-0.0109916372216	0.088422924537922	-0.0485634566813556	-0.00704469126528628	0.000669285047105449	0.0807542185367148	0.00393596672169232
S_Even-2	0.110073733670899	0.0840876548400627	0.0300142874216118	0.0541794223764605	-0.0403454773310714	-0.0144728057061603	0.0992044797955258	-0.050773867759541	-0.00537223391967122	0.00397934711431977	0.0616425249259521	0.0024894105920853
S_Yakut-2	0.103379075209894	0.0721464176902003	0.0255040835807777	0.0573804209749561	-0.033092508918082	-0.0100837885655242	0.0762432268902359	-0.0457822285569558	-0.00354395156904879	-0.00792548701548576	0.0669937512220594	0.00155513109463039
S_Eskimo_Chaplin-1	0.121846282525717	0.0861588805249679	0.0725870018870619	-0.0273614984681909	-0.0346119451422118	-0.00958761381362563	0.135342183988867	-0.0729036216895647	0.0152371994843601	0.0427290313088272	-0.122381215136711	-0.0235775687388696
S_Tlingit-2	0.0708550824731588	-0.0278645030529689	0.0500732463299326	-0.0377438408781866	-0.0317100738397398	-0.0085989874073413	0.0855273916799482	-0.00859155889159748	0.0128796393002029	0.0218780962491253	-0.100976652971931	-0.00321764637359539
S_Tlingit-1	0.0441925483044034	-0.0779409157073531	0.036111886020433	-0.0230578086120233	-0.040452860155671	-0.00708932431066174	0.0629558849542141	0.0227613629781581	0.0111517390817644	0.0134724357539319	-0.0774173121250633	0.00577156215455487
S_Mansi-1	0.0687193572556879	-0.0150730615750039	0.0245485386636137	0.0120597137996534	-0.0338796148084548	-0.00700321259493376	0.0908474304277062	0.00212960352557827	-0.00194268426452714	-0.00429907385794282	0.038543744060115	0.0121294718538504
S_Aleut-2	0.0808841376982742	-0.00208825764254094	0.0567533969721129	-0.039145381073466	-0.0327649232154989	-0.00783097986646825	0.0811879242540994	-0.00761399090932937	0.0114215664773481	0.0217273718888695	-0.0994072088775508	-0.00778073520273386
S_Even-1	0.0964462702315159	0.05100567867364	0.0265831865414153	0.0461346295035431	-0.0440805675452352	-0.0140769166267062	0.0859726717804378	-0.0383247701971779	-0.000541081879384963	0.0101368450249536	0.0660666045770368	0.00462774377735616
S_Cambodian-1	0.0909975355135548	0.0859285492522605	-0.0102541023066815	0.0881344272527979	0.0118552650999861	0.00242271747677664	-0.054245119152448	0.0331245906138005	0.00623112965251227	0.0124064272464756	-0.0404621123006444	0.00122129661965699
S_Cambodian-2	0.0886420685030057	0.0790440811520407	-0.0107761977944853	0.0891374848978686	0.0117460206613337	0.00401133325508637	-0.0492112020577527	0.0350928739786042	0.00203380981827248	0.0111140774818902	-0.0345603227440632	-0.00122405687774083
S_Naxi-2	0.105908236923385	0.101299777831899	0.00424716482589765	0.0940929031497377	-0.0149400015805259	-0.00674666908728071	-0.0131116294435571	-0.00238920675374011	-0.0021695684556416	-0.00887762366203135	0.0305635327524164	-0.00405632811734924
S_Lahu-1	0.103592189524898	0.103744753562402	0.000253259288293881	0.099890119122028	-0.00971915453982893	-0.00682717423954144	-0.0447897735655032	0.0170994009672736	0.00274048298836139	0.00314580090450382	-0.017531567784022	-0.00117495214724649
S_Naxi-3	0.107628114027545	0.102507290250399	0.00853476663790139	0.0953901657075025	-0.0158320242225673	-0.00741600236084332	-0.0143700809543562	-0.00219754202705176	-0.00290551654738378	-0.00756068433801316	0.0366243093793057	-0.0028719877070363
S_Han-2	0.112556573830723	0.108991743671445	0.00510122895881753	0.104118000212695	-0.01411439742086	-0.00878124642182204	-0.0471775152137338	0.0228999792327509	-0.000682567949191253	-0.00966765837006522	-0.0166295127038518	-0.00148946134297522
S_Miao-1	0.110640717670042	0.108610543128965	0.00791432473625177	0.100904140239359	-0.0187333683370417	-0.0106585879876666	-0.0411494112707588	0.0125970144225603	-0.0031169020701502	-0.0106758056408709	-0.00364983279191441	-0.0025223604323227
S_Dai-3	0.106819260373953	0.105780733487481	0.000517773403574649	0.103694908649776	-0.00949595952481137	-0.00611546713037145	-0.0580057099220691	0.0261738930729421	-0.00236063114671176	-0.0117322428986458	-0.0431166838149768	0.00014366641205971
S_Han-1	0.114226218340685	0.105047535749574	0.0107796899609134	0.0952659419154654	-0.0239189362453613	-0.00742537807538501	-0.0228385313917954	-0.000149313133176464	-0.00682694372598345	-0.0135657123162641	0.0231678128506581	-4.49187175660275e-05
S_Miao-2	0.112112431302456	0.107888311603085	0.00405102154075313	0.0984958483879093	-0.0197910020402989	-0.0102553696489911	-0.0439672540909712	0.00936784578638584	-0.000895673389241793	-0.00800612119692686	-0.00368620461720194	-0.00730653908930765
S_Tu-2	0.101425103193549	0.0927682605344409	0.0124986075891184	0.0862564134080401	-0.0166536538039848	-0.00633945340684543	-0.0048455033592169	0.000365215989006496	-0.00630270790325309	-0.0128348359975018	0.0344805602256231	0.00566631369751301
S_Oroqen-1	0.11437520912568	0.0991832070016295	0.026468692434516	0.0702424294821965	-0.0401549609961794	-0.0113783863206607	0.075061860679112	-0.0446174325468236	-0.00792474347890823	-0.00468018005662737	0.0721811002393093	0.00733849429885497
S_Daur-2	0.108115035776773	0.0939924641985937	0.0160642123657551	0.0799457765445364	-0.0310736922721675	-0.0138320727201175	0.0267204526163676	-0.0241904145122331	-0.00458072743275401	-0.00437531339152663	0.0374300512002131	0.00224872754968735
S_Oroqen-2	0.114774710722455	0.0942878597824297	0.0284078801113559	0.0642781132855572	-0.0394269409739905	-0.0135077337972906	0.0812970030536952	-0.0488115037647528	-0.00289832843375119	0.00382392193284684	0.0564047580659339	0.00387929819255983
S_Tujia-2	0.111055491640623	0.107540349144663	0.00656249528997151	0.102129034377079	-0.0214478539977423	-0.0115728228824121	-0.0384041966683272	0.0100959481554039	-0.00997842210054675	-0.0154040644399818	-0.00444622189558688	-0.00161679092290847
S_Hezhen-1	0.111336159069786	0.0997877510407393	0.0235781688807255	0.0723592226805297	-0.0335994868448753	-0.0129720084243171	0.0496087392161293	-0.0416442501977387	-0.00563817895053324	-0.00226044160898835	0.0533466357696	0.00310585433669983
S_Hezhen-2	0.111925806873757	0.09936337207717	0.018829167145294	0.0796338200530032	-0.0315307770477871	-0.0129202500517527	0.0283304997082867	-0.0282494411041573	-0.00759450830165709	-0.00122677852434151	0.0469135566319118	0.00494747734682283
S_Uygur-1	0.0580027122570524	-0.0149017195957426	0.00961405608708553	0.03863084089879	-0.00227656038638748	0.00119492963112552	0.0180807887207584	-0.00288912241074409	-0.00449106013907203	-0.0179855905327507	0.0314211955294589	0.0115613286518546
S_Xibo-1	0.105656356041416	0.0904692383945788	0.0161107728940198	0.0822226645113002	-0.0259134253994127	-0.0089522966796119	0.0117617710672038	-0.0196560068109893	-0.0083563879216897	-0.00837348454435586	0.0382347900591885	0.00531481559178431
S_Yi-1	0.107840712560615	0.104050625473412	0.00697681822152389	0.0935302048997687	-0.018157395770713	-0.00788564508249262	-0.0189315605433455	0.00358561149976016	-0.00373794884107607	-0.0102396075224354	0.0244278247674228	-0.00321391379355158
S_Yi-2	0.108934479152372	0.104763756511266	0.00570326571440227	0.0919110530500037	-0.0141654327107434	-0.00640686926172867	-0.0160211801555198	-0.00419235291688159	-0.00239071880913471	-0.00514474108254206	0.0244330617621724	-0.000604410328398984
S_Tujia-1	0.111744599423303	0.110022023972001	0.00636092223576393	0.0997330232638636	-0.0195433164019121	-0.0114261305620736	-0.0369631803090543	0.00957317035500263	-0.00133453526313056	-0.0129277933979013	-0.00841520437035886	-0.00448365138978683
S_Dai-2	0.105952231675245	0.108122141195429	0.00357600782777945	0.100784335421662	-0.00850698462055879	-0.00569453886321368	-0.0608399889490685	0.0252593617577512	0.00295412294276665	-0.00746843548663675	-0.046602357462533	-0.000593861008116497
S_Uygur-2	0.0511978048483865	-0.0270367567172882	0.0106721571532363	0.0354776509808333	-0.0013895031772929	0.00178022603061124	0.0113114148475573	-0.00960031032946546	-0.0101047437799005	-0.018467392976025	0.0163661131173047	0.0244277638465684
S_Xibo-2	0.110326271959451	0.0992848419293276	0.0169187853078139	0.0847810347511853	-0.0256900674182003	-0.0127461190943426	0.0105735966772501	-0.0186438556557301	-0.00655495181183131	-0.00640975686360833	0.0319451336322731	0.00251073237278185
S_Lahu-2	0.105280516161639	0.103672068982924	-0.00080421273727314	0.0991451054993684	-0.00608820836482517	-0.00269890175485195	-0.0491161610281705	0.0225312236976309	0.00256054148697722	-0.00201678236678221	-0.0265574275438453	-0.000913339377585391
S_Naxi-1	0.108319549325879	0.103852299670092	0.00559944669224662	0.0929610002954606	-0.0161910154514617	-0.00778775808156077	-0.0145380211596614	0.000435326862880324	-0.00202628272297141	-0.00800812485033322	0.0271986472288909	-0.00384590249125961
S_She-2	0.114226706830418	0.104515319104243	0.0114547121792201	0.100295023674006	-0.016428746231569	-0.012277356694095	-0.0357759201912646	0.00887793076726514	-0.0010218312733856	-0.0145017522004195	-0.00827797091595477	-0.00508004276022131
S_She-1	0.112755664572758	0.110616059531949	0.00535187483315119	0.0990118326269462	-0.0208643974063488	-0.0095409367501004	-0.0458673210073014	0.0112271841229441	0.00108270626743653	-0.0146195929648547	-0.012148284031583	0.00254207222520769
S_Tu-1	0.100567733179368	0.0814325669171125	0.00761245806314184	0.0817037920003668	-0.0174579292921267	-0.00607760972083663	-0.0024281604130863	-0.0073738550712485	-0.00647501061415067	-0.00293060656434997	0.0345404048817081	0.002658147242208
S_Dai-1	0.107729572745977	0.107568631589078	0.000907973261726577	0.1023253096046	-0.00806521902540474	-0.00747461410108978	-0.058289044222073	0.0241261594975022	-7.50519967486347e-05	-0.0085318184666208	-0.0325549727294299	-0.00700071341657104
S_Japanese-1	0.110768709185082	0.108058555866225	0.0133558102490942	0.0895965580665982	-0.0199662605388572	-0.0100645233702176	-0.00438605455993753	-0.00758490094821594	-0.00423988903860305	-0.00753254969217264	0.0178965695789725	-0.000176823769792953
S_Japanese-2	0.110077122205469	0.10463772489894	0.0102699195996428	0.0905298395060045	-0.0169216672779768	-0.0104918210066968	-0.00691463372468904	-0.00848177683588756	-0.00179161487846551	-0.00859263853145609	0.0163998533241729	0.00531599464072732
S_Japanese-3	0.110095836754858	0.104602636648022	0.0117988800759317	0.0885198913493155	-0.017845386374249	-0.0106603718522191	-0.00304566645574186	-0.0140413062445037	-0.000416052246926499	-0.00386025366745512	0.0167279274713915	-0.000638190919877063
S_Korean-2	0.114428226729422	0.104796762332585	0.0140280983143352	0.0971007502060311	-0.0215915819687971	-0.0112368797246915	-0.00357271222334936	-0.0080836999802466	-0.00297639593288557	-0.00413229921387174	0.0234012484447531	0.00329972501746172
S_Korean-1	0.114193361473393	0.104262442710298	0.0110963171245955	0.0961877122068352	-0.0239344010909071	-0.0080356725399699	-0.0179363494309375	-0.00673640148722083	-0.00556627656092109	-0.0114467309572791	0.0202742825039642	0.000757941778495631
S_Burmese-2	0.0887660962723441	0.069377977257597	-0.00270522211836415	0.0787182473633827	0.0162659273395869	0.00738334003339013	-0.0204405290706192	0.0149175107325025	0.0032332050840878	0.00389435974716695	-0.0036474057601783	-0.00581587115655233
S_Burmese-1	0.100818536016736	0.0924195398434543	0.00458123104573257	0.0894814206779385	-0.0050548095582271	0.000741744357598042	-0.0251530532455082	0.00420018858403417	-0.000982265041309502	-0.0029365222307179	0.00963466193191047	0.00136907876361116
S_Ami-1	0.113093538975015	0.10938381106596	0.00201898804372745	0.107109735591386	-0.0137049128756267	-0.00705673456223129	-0.0724010165102565	0.0374576272900108	0.0035057455374745	-0.0156615560044901	-0.0694200602395531	0.00187746866747875
S_Ami-2	0.111277194978325	0.110165407277374	0.000570352046526256	0.107028980068975	-0.0140386702738257	-0.0101597495832973	-0.0787417595346269	0.0415201193475311	0.00468440634766508	-0.0152899699107856	-0.0752348791232658	0.000194488518390511
S_Thai-1	0.0889237180029503	0.0803512567373599	-0.00533861805919415	0.0873707012487986	0.0111866062366876	0.00309851247718216	-0.0425851579807527	0.0231799876268242	0.00141780799577338	-0.00270134048702288	-0.0268731257254448	-0.00127348857540489
S_Thai-2	0.103843821147199	0.0997239896089077	8.16981561257597e-05	0.096215478139694	-0.00280476003402397	-0.00265603185738469	-0.0550080858774051	0.0320989663843593	0.00242552724668842	0.000232333759280584	-0.0427803406632998	0.00142613194853416
S_Kinh-2	0.103477367657379	0.100082767671742	0.00214194278916865	0.104701914939821	-0.00985336022086163	-0.007125523500227	-0.0497940140659124	0.0256847334239287	9.66923399237062e-05	-0.00614044802280976	-0.0335931982583321	0.00227087570180647
S_Kinh-1	0.107569147242278	0.107312602784517	0.000654611843479835	0.103297212337576	-0.0152479202116532	-0.00701548272599127	-0.0521415408768717	0.020527072114561	0.000323822931858342	-0.00770365592063607	-0.0346887826381715	0.000406948342068912
B_Australian-3	0.0400727852707445	0.0704447170828201	-0.225354389645208	-0.073616518106591	-0.00120014415239822	0.000107212935503035	0.00298275063435551	0.000383199367572623	0.00505511637712503	0.0187042082917451	-0.00359040479825209	-0.00532371932357716
B_Australian-4	0.0413174635371513	0.0707482749913609	-0.222175764397094	-0.0699507018029405	0.00512680349692468	0.002673689490519	0.00367623267982788	0.00553191082889292	0.00597714342510682	0.0205544286702662	0.000607937448887785	-0.00347734984372236
S_Dusun-2	0.101523250791956	0.103608501092632	-0.00655953091896197	0.101953227450956	-0.00545706113113361	-0.00238913005565739	-0.0701160037267236	0.0379284436761066	0.00307985392714646	-0.00118704090935251	-0.0785206062663038	0.00383137686104785
S_Dusun-1	0.105170858028342	0.103739838126433	-0.00844526107420273	0.10097534765032	-0.00687110348839589	-0.00427049268162167	-0.0756148524492351	0.0422218802426764	0.00991422704047031	-0.0106650785319511	-0.0811972670188609	0.00887473323509199
S_Maori-1	0.0356364154512392	-0.0316421970544519	-0.0245985162580334	0.0236343683383239	-0.031978541360489	-0.0133648607239397	-0.0191085149352822	0.0500130310757753	0.00625796803768945	-0.00908533154672888	-0.0528015961852997	-0.00465523643285913
S_Bougainville-2	0.0537753100259364	0.0792286088213879	-0.195127747418274	-0.0444607559525493	-0.00911578675376225	-0.00187889241901798	-0.0154961077155522	0.0155029096610532	0.00176559491712968	0.0143233930546976	-0.0259631387461356	-0.00899426711753015
S_Papuan-3	0.046029193257716	0.0834621882923554	-0.295718114129066	-0.108692169735526	-0.0208519579984266	-0.00963728520287091	0.00339120364476648	-0.00432390839914146	-0.0016653097029583	-0.0109171235969055	0.00149933511748543	-0.00167787725102558
S_Bougainville-1	0.0536952518811171	0.0795736877600886	-0.197085051951648	-0.044543199620502	-0.00771555356427298	-0.00227026930324838	-0.0207659983897719	0.0173352579709557	-0.000922610190846813	0.0161912172589943	-0.032337506562669	0.000120614221158512
S_Papuan-1	0.0471038846143101	0.0839827545544474	-0.302062105336815	-0.114825768540769	-0.027095542490063	-0.0119439712166232	0.00266862640219506	-0.00389951537667985	-0.000792761499073775	-0.00990307946510929	-0.00171713254352338	0.00196368676018469
S_Papuan-8	0.0450649115126813	0.0845782891919797	-0.305697859752865	-0.117599730915372	-0.0255272999761146	-0.0132142305003506	0.0043114000657946	-0.00547531270269602	-0.00568377618133654	-0.0130755581454612	0.000600507672920783	0.000865154326155153
S_Papuan-10	0.0464197233354348	0.0835565560167641	-0.301539967300071	-0.114177682318089	-0.0256019166507682	-0.0123340093902272	0.00105200095221216	-0.00741300866417017	-0.00514454122257133	-0.0111800966724208	0.00560100736509652	0.000319815627156211
S_Papuan-11	0.0452834394258119	0.0827048300050371	-0.302807389002046	-0.118481234602732	-0.0282826678551017	-0.0111021515054909	0.000672843005655416	-0.00347602578324458	-0.0028982634440715	-0.00947272233853752	0.00124700104116509	0.00224639497791889
S_Papuan-6	0.0488028148783269	0.0838987103101725	-0.299940001284594	-0.112898325089559	-0.0228865249004078	-0.0110530369959678	0.00455002927922218	-0.00937443945773575	-0.00131453057766451	-0.0108810359332933	0.00218836358122312	0.000866772089459719
S_Papuan-5	0.0453201565511121	0.0822531198204867	-0.300836346036708	-0.112787967184023	-0.0204287816564814	-0.00994619102336504	0.00144695938040303	-0.00550306864273968	-0.000872672641103373	-0.00675151802463816	0.00641906011915147	-0.00113591850019176
S_Papuan-13	0.0454682686463075	0.0869993669900285	-0.305810939837163	-0.119428721415405	-0.0276441431984883	-0.0141702737935127	0.00167340077013466	-0.0060355001451386	-0.00397544423992565	-0.0137430793770168	0.00467520101221518	0.000263762761655174
S_Papuan-4	0.0478019114172431	0.0826379687025213	-0.296177810887551	-0.112602265853667	-0.022986982457511	-0.0109052414893939	0.000349654737933712	-0.00522002913426611	-0.00411260439003832	-0.00996733267080869	0.00592667563909157	0.0011830513687299
S_Papuan-14	0.0456535011828501	0.0851885177579477	-0.303963889844183	-0.118063823619768	-0.028196261681694	-0.0131612361057231	0.00194288988176797	-0.00757768763589617	-0.000561004648640702	-0.0136425029999146	0.00170569842320187	0.00131897139963488
S_Papuan-7	0.0464407029752444	0.0868357606525249	-0.302892378056281	-0.115663389296262	-0.0272058252011009	-0.0139100331160703	0.00177038170561604	-0.00302222316735113	-0.00562270042272106	-0.0158748023652168	0.0026759018557605	0.00199088346556098
S_Papuan-9	0.0452112111888702	0.0851457644433266	-0.304079846977392	-0.116021043164084	-0.0272203955583452	-0.0126190325463109	-3.05921290707816e-05	-0.00346935472265323	-0.00408840776399972	-0.010832057432696	-0.000236775762266421	0.000293878542543377
S_Papuan-12	0.0463485190257778	0.0834390529740728	-0.300687181437968	-0.117574281991334	-0.0277846199007986	-0.013896628571409	0.00293714615368964	-0.00701144129690282	-0.00294424468708262	-0.00646051270812776	0.00361206504499305	0.000450088629917347
S_Papuan-2	0.0457857871060956	0.0857193747827294	-0.306691482407713	-0.117979913037657	-0.0242639587278773	-0.0120353615567232	0.00151422734824567	-0.0097014730980687	-0.00274110803196971	-0.0126028586721346	0.00429268448026116	-0.003930924914932
S_Igorot-1	0.106744992124432	0.10812128298825	-0.000309696715583542	0.106956691870012	-0.0153008435965585	-0.00747374645414725	-0.0750931778296612	0.043993162336044	0.00177816258935596	-0.019515653618752	-0.0868981703556417	0.00509909574336811
S_Igorot-2	0.111154801321753	0.110958683429188	0.00397043776894411	0.107386260390917	-0.0193260959933053	-0.00898808992154309	-0.0769595652358476	0.0429470942722645	0.00064031283888432	-0.0197384855473607	-0.0901177501646762	0.00285303057746078
S_Hawaiian-1	0.0918265142420761	0.104483642900394	-0.0164317835355622	0.0885517625560577	-0.0180288838767755	-0.0106917585293915	-0.0632204603328573	0.0411528693843666	0.00861213928321756	-0.0118355542975789	-0.0735876478876215	0.000347339823315682
S_Chukchi-1	0.0637564002191113	-0.0329448183883058	0.037230645287182	-0.00441461327527337	-0.0413400600541009	-0.0112149151848386	0.0917942463360488	-0.0108948523014172	0.00500843785215296	0.0156307551498241	-0.0493900081221879	-0.00852888655305063
S_Itelman-1	0.110115717011573	0.0778976460186605	0.0496159805974354	0.0174662461775769	-0.0328061055410454	-0.010437724711498	0.130431799656159	-0.0654850159269033	0.00599539924456179	0.0222023411242221	-0.0468195303262172	-0.0034911285123542
S_Eskimo_Naukan-1	0.123644975912907	0.0829427544054475	0.0748141340779402	-0.0415212669350215	-0.0352829522290124	-0.00892579160133715	0.135614729945547	-0.0765601952061906	0.0149994067850248	0.0445317004339745	-0.126997820076479	-0.0212835859273951
S_Eskimo_Naukan-2	0.120101997777223	0.0837073356352525	0.073552182239695	-0.0385241619909957	-0.0293653678220048	-0.00975277726853104	0.130238072309655	-0.0743730414493916	0.016665488494829	0.0435868468860003	-0.120516890348699	-0.0217382720881476
S_Mansi-2	0.0608845300924934	-0.0359407848317233	0.0308960446930474	0.00988284921445538	-0.0351173716609919	-0.00571445040151202	0.0878387156700293	0.00802781837009813	-0.00661102869940617	-0.0110393730306885	0.0401830650655575	0.00766328160910293
S_Eskimo_Sireniki-2	0.1182728365012	0.0821911627919319	0.072367808015963	-0.0349919401866057	-0.03375145144992	-0.0105760619169306	0.126019834122963	-0.069264434355166	0.0167294325709892	0.0401378056720681	-0.120142680137562	-0.0185451879544337
S_Bengali-1	0.0305211140025676	-0.0373357619288674	-0.0241769308722195	0.0232211975285472	0.100538601667084	0.0494805572364078	0.012959140434035	0.0106291403933337	0.00635991473067379	0.000211397246176696	0.00429576607839018	-0.02498112914479
S_Bengali-2	0.0309989014848596	-0.0378227167822234	-0.0184765506808344	0.020615055281534	0.102142024879387	0.0483400166807489	0.0155982928967993	0.00822859434404726	0.00397371705568893	0.00457947560648896	-0.00231495451653731	-0.028244638373685
S_Kapu-1	0.0255295789797054	-0.0413937760433334	-0.0250289729022825	0.017609159269031	0.114632235113077	0.048073984067638	0.0226417350981254	0.00579586229708544	0.00405699248114017	-0.000112933737591682	0.0112481803128015	-0.0319570312810513
S_Relli-1	0.0339619865875	-0.0157892986349365	-0.030314833950125	0.0269827593078929	0.118488116215475	0.0545426373241259	0.0123156119624342	0.019470569276934	0.00408242092349839	0.0160378466708237	-0.000530962954168333	-0.055553157440042
S_Kapu-2	0.0313047115153658	-0.0319642059000281	-0.0284545795851108	0.0202726709002362	0.117446410023242	0.0511081021156198	0.0186818670251757	0.0110481703914659	0.00609238214523838	0.0128876871755368	-0.00205576981047415	-0.0335443088538909
S_Relli-2	0.0237569825165559	-0.0509715714696794	-0.0248439328146002	0.0193328862887232	0.117208748565447	0.0554670809650353	0.0232753685823505	0.0103021312786039	0.0025546531392842	0.00176125488419571	-0.00147118519573832	-0.0342097336448757
S_Yadava-1	0.02755752525773	-0.044659388190589	-0.028887376760779	0.0206666004377064	0.115038529335367	0.0499321490540942	0.0199303454644356	0.0045784426176116	0.00502191171417087	1.10650533695284e-05	0.000789445383367974	-0.0389682919126244
S_Irula-1	0.0256781038686255	-0.0287703484837021	-0.0315833252380351	0.0209861250532624	0.129420583039109	0.0565465910147158	0.0235438815649715	0.00742398675184675	0.0040808912325321	0.0205430339863901	0.00255483999796601	-0.0527123329524515
S_Yadava-2	0.0267846626136518	-0.0459625950799958	-0.0274082058352056	0.0159584106873347	0.118193874800302	0.054737539168625	0.0199025995219261	0.00876752156576798	0.00434916741042194	0.00239360307134499	-0.00523304419312055	-0.0390763086645155
S_Irula-2	0.0272413435102243	-0.030606988557517	-0.0300986096605018	0.0227942272420383	0.122991325215683	0.0568638208376439	0.0260325793151331	0.0110119989674692	0.00287443128340052	0.0118358248086236	-0.00181155815655324	-0.0523434017718939
S_Mala-2	0.0297895071110036	-0.0297958729086635	-0.0314031584669374	0.022979978183996	0.128008281380572	0.0596287549012436	0.0226677966098414	0.00703607262617108	0.00711999135883982	0.0137755080851708	-0.00315829872604881	-0.0493313279082249
S_Khonda_Dora-1	0.0524213225924446	0.0302139815965018	-0.0313624483366164	0.0449465149214439	0.10085281335322	0.0447655204306074	-0.00842523537433448	0.0311435394070015	0.0148744183995866	0.0330399001060833	-0.0151407300303126	-0.0497303916173559
S_Mala-3	0.0287662568648783	-0.0297521442214026	-0.033927831065592	0.0195675291496531	0.136960187003311	0.0618674768620869	0.0302831514581818	0.00965901274332388	0.00906715480235949	0.0214278825365463	0.00982240896777297	-0.048344748477214
S_Brahmin-1	0.0157762152054107	-0.0732358667437926	-0.0161453979906813	0.0144134471861721	0.0982098673287725	0.0491422172268283	0.0208019157836832	0.0100721168809875	-0.00237381677884829	-0.0171890388919147	-0.00519802857598894	-0.0272522688622904
S_Madiga-1	0.0282741002261521	-0.0372388693840794	-0.0302171483816208	0.017156047210652	0.124682653356721	0.0559955186583202	0.0269630281507524	0.0103664283287193	0.00510008257907683	0.00529694300750452	-0.00164100458764751	-0.0479607668050527
S_Brahmin-2	0.0189214623802805	-0.0694522761023551	-0.0193999747152355	0.0120691422459827	0.0975758619990325	0.0430194376691803	0.0194037952031204	0.00548394960945195	0.000187692699246684	-0.0100708873901995	-0.0102695645872582	-0.0192502018758587
S_Madiga-2	0.0283465988489668	-0.0293047201152057	-0.0309377895239042	0.0242715089668392	0.129924856826824	0.05822386654196	0.0166252869672061	0.00500435425309775	0.00896766702814262	0.0167965951421291	-0.00270169645767265	-0.0508043548323241
S_Kusunda-1	0.0726071818587882	0.0422563757246669	-0.00771097065797872	0.0603169071487645	0.0486456000155528	0.0239913681671136	0.00588811990704387	0.00846240841459986	-0.00305055533919207	0.00927157789970109	0.0609935722808437	-0.0341357411518888
S_Kusunda-2	0.0735304256808651	0.0571827762406015	-0.0175936019714039	0.0637896177078031	0.0622640170567239	0.0310924664867828	0.00638224162369431	0.0150964201965823	-0.00439214349554324	0.026505609205435	0.0952583734183912	-0.0615073189520287
T_Sherpa-1	0.103633506018116	0.0925630442712471	0.00632960263831334	0.0856565218579346	-0.00708538926915371	-0.00387866564722437	0.00392606807666477	-0.0109583239695009	-0.00560742516940712	-0.00816595949121945	0.0668869771886914	-0.00104444312667363
T_Sherpa-2	0.100621350559769	0.0941814710453326	0.00619298372095552	0.0831170362830088	-0.00786281506087008	-0.00107784660144085	0.00316723349081184	-0.0168767761601098	-0.00523251927708021	-0.0021612536225066	0.0678478324944607	-0.00396846945001705
S_Brahui-2	0.00169263412473536	-0.108657249512186	-0.00365252074682564	0.0018405106987991	0.0498521351240106	0.025138570387227	0.00033663957827549	-0.030656672517097	-0.0128955320067876	-0.0565787309026917	-0.0126164627110768	0.0347237822356164
S_Makrani-1	-0.00706935850458303	-0.115150092526324	-0.00449833853270705	0.00706564726512412	0.0567240804392521	0.0231887464466798	0.00301647867877546	-0.0293197773301301	-0.0138312756384787	-0.044232948146813	-0.00744574474246429	0.0438057121073208
S_Pathan-1	0.0130955729509057	-0.0986963902480802	-0.00716738669723127	0.00389983107088676	0.0638709660148452	0.0334575619562504	0.0128822084549993	-0.00150247864868827	-0.0093587883659208	-0.0309487949995731	-2.6433689482134e-05	0.0191176639682244
S_Balochi-1	-0.00129231204737715	-0.103243838415708	-0.00571047057423637	0.00900557476857893	0.0727605118678702	0.0346557038797717	0.0162925065934521	-0.0228122717107899	-0.0161098834606978	-0.0544798962541343	-0.0177323372501705	0.0335140477620812
S_Brahui-1	-0.00537745571698521	-0.107850281863555	-0.00477007068383542	0.00356269333187874	0.0599338918667351	0.0261282437111479	0.0030000110746829	-0.0234615722442891	-0.0110615943655304	-0.0401847974505066	-0.0127601183392035	0.0145431411848344
S_Makrani-2	-0.0153026183729444	-0.115231459977781	-0.00602605512095395	0.00303020464971104	0.053146662782095	0.0202931174130229	-0.00197613148442818	-0.038201241403875	-0.0169309827103703	-0.0597877119966978	-0.010837268325567	0.0498279623187236
S_Pathan-2	0.0109959826388905	-0.0991704360099851	-0.0050086638741651	0.00409874841862302	0.0757943521515809	0.0386912936337006	0.0165311433081917	0.0039131810652345	-0.00786912244592534	-0.0382253603078094	-0.00298045044542657	0.00486689652418277
S_Burusho-1	0.0207827664612304	-0.0806953812805856	-0.00339958070139963	0.0152342232004224	0.0566544681407327	0.0300543818743241	0.0183357137797893	-0.0065271549429461	-0.0117235082375181	-0.0360411749422133	-0.0050785423748746	0.0147428355495049
S_Hazara-2	0.0562364961540138	-0.0130897030139825	0.0075904170872167	0.0429760643483261	0.000411475812465437	0.00344040927659391	0.018885519944339	-0.0118821003208343	-0.00727041194327514	-0.0239896162910056	0.0342776000751188	0.00765559791451079
S_Kalash-1	0.0104090408389253	-0.107327325223664	-0.001316718214835	-0.000247772506001675	0.0673197062178512	0.036771125361452	0.0252244572892863	-0.00919950243388765	-0.0222968135379376	-0.0983318894710626	-0.0280227189587471	0.0654379082670599
S_Burusho-2	0.0211420572117466	-0.0775593211963881	-0.00446375852322419	0.0123043753687048	0.0524257231399002	0.0272796067565845	0.022184679383571	-0.00835492477034371	-0.00413541116409498	-0.0276604410992629	0.00363428259433765	0.0244257121600794
S_Hazara-1	0.0561048028129541	-0.0206742554534848	0.00802259664835187	0.0345562279352535	0.00393143797767934	0.00492542954173817	0.028436656963685	-0.0133081242919138	-0.00881019280447414	-0.0213265367600896	0.0331021452422122	0.0184083171476547
S_Kalash-2	0.0110431150637682	-0.106648430677395	-0.00346020915731295	0.00155998849546463	0.0615638260771369	0.0319532163738837	0.0303241658873748	-0.00235809173543052	-0.0234009532531319	-0.0883430263723169	-0.0282574000863307	0.0670636074500834
S_Sindhi-1	0.0124175386582645	-0.0948870070767751	-0.0113062994147806	0.00720817146930402	0.0716471596291906	0.0353320542618688	0.0155003215651647	0.00142492315963085	-0.00910198385279364	-0.0335121122075217	-0.00629884578267733	0.00504747184938466
S_Sindhi-2	0.0130012677976387	-0.0850425499031613	-0.0116445818733041	0.00698432897750149	0.0825559502707399	0.0372106225001061	0.0165506125272069	-0.0102177840587399	-0.00460470176516617	-0.0311331536131819	-0.00854014599236443	-0.00849383288986147
S_Punjabi-2	0.0226298315831276	-0.0547637164165242	-0.0209414542944986	0.0212568694608344	0.113755478592538	0.0547585219034183	0.0203224654258377	0.00693853129310953	0.00152913266454399	-0.000135352003098071	0.00316280439507937	-0.0279717410358957
S_Punjabi-3	0.0247642058585461	-0.0509001667091486	-0.0257850865801362	0.0132640621131484	0.111282968123065	0.0516912886098399	0.0161836658172778	0.0165678709209985	-0.00156904565348128	-0.00771884088088378	0.00222026982004539	-0.0306535521405959
S_Punjabi-4	0.0152264988219871	-0.0877289676702314	-0.00940026968588815	0.00982054920704106	0.0793716484898612	0.0413490200667883	0.0184117171028148	0.000502379997537264	-0.00546709309564954	-0.0248420080751459	-0.00622160237589906	0.0108718058147445
S_Punjabi-1	0.025228236142176	-0.0513794451931557	-0.0232762757276764	0.0147783478107912	0.112154849858107	0.0527704128264439	0.0247630785197113	0.0173786920303194	-0.000158205362717608	-0.000525356663066834	0.00890314652146549	-0.0361544901694773
T_Tibetan-1	0.0983381112077207	0.0867068864973178	0.00666645962844394	0.0800055074671946	-0.00404314717447301	-0.00173634615412879	0.00140511757699248	-0.0137368971487727	-0.00647848096759453	-0.00455435657082998	0.0617449115087372	-0.00761159151151562
T_Tibetan-2	0.0978037111122496	0.0863049103125553	0.00489110762830175	0.0815566053276088	-0.0102783041062678	-0.00559920219924045	0.00536199855141349	-0.0151755117401956	-0.00366301190025481	0.00578985158594284	0.0606196605817032	0.00324264844144433
S_Abkhasian-1	-0.00358179426993205	-0.153404092280373	0.00208853834780134	0.00535102013199443	0.00447760896317366	0.00356203035174196	-0.0236244758130517	-0.0510274024491058	-0.0146122487028121	-0.0437601871794162	-0.0123045143500483	0.0646502143416513
S_Albanian-1	-0.0090476320875112	-0.170611047065992	0.000699453581591508	0.00246526674977623	-0.0403298559113685	-0.0128673887380439	-0.0221835800550482	0.00832581424223194	0.0034675476917633	0.0201606267811734	-0.000968666556182666	0.00164366294325841
S_Armenian-1	-0.0109580413881094	-0.157728439923775	-0.00296975331711193	0.00509399225961015	0.000684976298407635	-0.00124753183010368	-0.0375737962262618	-0.059389564189812	-0.0088397758468797	-0.0117958682374141	-0.00260748093385495	0.0430216708229984
S_Armenian-2	-0.0114516597147323	-0.159066575430871	-0.00103481308294615	0.000570555730027727	-0.00247145281121949	-0.0015210601495296	-0.0393511835464046	-0.0575972872591025	-0.00724873177729834	-0.0173046287314136	-0.0119710065126181	0.0309265055235744
S_Bulgarian-1	-0.00581620197427131	-0.163629693667181	0.00377680880340044	0.00119720172748813	-0.0339916041737648	-0.0108347036856577	0.00340462368072248	0.0189900810713741	0.00532475586341852	-0.00215841609726746	-0.00263643848403062	-0.000948329826208416
S_Bulgarian-2	-0.00663167203053412	-0.164700201251945	0.000192440821200539	-0.00325277627824505	-0.0329718131567941	-0.0116878482167438	-0.0110738873000226	0.0149839766113021	0.00092202008441977	0.0104799488164011	0.0171643046618815	-0.00283355620787241
S_Atayal-1	0.108666122403073	0.109277328020024	0.00330792879300068	0.109188326602746	-0.0129347660209684	-0.00726943493078649	-0.0735146453840457	0.0421410489913795	0.000613331040691688	-0.0149317846514689	-0.0765825375091562	-0.00528967436716769
S_Czech-2	0.00113858333812835	-0.166445150075661	0.00766261695810876	-0.00945218536359238	-0.0430368387270193	-0.00946516523122303	0.0169004117076436	0.0654151989726329	0.00319552287013359	-0.00656367942571601	0.00419801923524983	-0.00237267245134266
S_English-1	-0.00195490472941026	-0.173577229121375	0.00299367936405379	-0.00697180593806616	-0.0522216647210806	-0.00941664479834094	0.0184012797284134	0.0813355496804464	0.0060350842695086	0.0162403188717098	0.0175595886599699	-0.00423778889693591
S_English-2	-0.00427436149704979	-0.171959513665854	0.00392727006749859	-0.00655709799224959	-0.0486825496954865	-0.0130850263011056	0.0195499475093786	0.0738491931529373	0.00849139201894651	0.00199135174833618	-0.00163853031197592	-0.0181017608629622
S_Estonian-2	0.00613189075050554	-0.159172222342077	0.00850148883532148	-0.00978145866457059	-0.0483225185573902	-0.00836306865040234	0.0378780789447797	0.0936810060658652	0.00510422702673727	-0.0123335099527379	-0.00177789138455465	-0.00614473605975654
S_Estonian-1	0.00431672402728038	-0.159655642112593	0.00972190361305221	-0.00952257706328278	-0.0481376191067604	-0.00952861231259523	0.0464740051885931	0.111941551293892	-0.000442102057546861	-0.00346704589725035	0.00149871527673447	0.00847279528589031
S_Finnish-2	0.0068707255901931	-0.153129776572446	0.00972010191426816	-0.00482549456289457	-0.0487561033193294	-0.00946444324011697	0.0431686549765685	0.0999741572268134	0.00575340471152658	-0.00778679932113133	0.00414994100935247	-0.00910307022543252
S_Finnish-1	0.00869491232616994	-0.154002445398467	0.0138353397665018	-0.00627147645938019	-0.0551638914980636	-0.0114159904878644	0.0407551278365534	0.0996147211970541	0.00568456886652734	-0.00408810863536287	0.00491119893338721	-0.0088344108158482
S_Finnish-3	0.00900398114159945	-0.148640557250145	0.00880535665995555	-0.0067351131987087	-0.0459938781198707	-0.0110082110917064	0.0467058976917745	0.0966472606744803	0.00150634625268036	-0.00628629103210335	0.0049513085355248	-0.0179202743414062
S_Saami-1	0.0343603499239624	-0.108369474869586	0.0187820978287348	0.000709180064274068	-0.0555837316630224	-0.0125023701699107	0.0797927787845606	0.0775421739250038	-0.00341009069213952	-0.00410788366139908	0.0241650665670109	-0.00572100450510074
S_Saami-2	0.0379509143731497	-0.0921923794008369	0.0210390669306389	-0.00156019179226866	-0.0552135803588538	-0.00954058547759162	0.090193378752515	0.064323923795954	-0.00167268299767367	-0.0193764689912911	0.036051545963351	-0.00672931995925867
S_French-1	-0.00513572412300203	-0.171774704069142	0.00159636323030582	-0.00118316837461096	-0.0442003174509942	-0.00988813669265567	-0.00411955960171513	0.0518978053694813	0.00549634882685827	0.0173818104629954	0.0121077588723794	-0.0515880168860206
S_French-2	-0.00210144619311065	-0.166639678353646	0.00603717113538771	-0.00533166870107026	-0.0478979047910061	-0.0135903678505261	0.00256670479955932	0.0624282056965641	0.00425612004131594	0.0111486481680066	0.00326268438742113	-0.00849068741413845
S_Basque-1	-0.00709883457478496	-0.174317854095559	0.00193607121064999	-0.00410346127611958	-0.0533623184868495	-0.0142420883261615	-0.00968550831814647	0.043256546695477	0.00589997395826305	0.0321834904109798	0.00596500463804157	-0.0413605493201805
S_Basque-2	-0.00827336606832863	-0.177523697036236	0.00286843775534325	-0.000926982471093762	-0.0545029981411246	-0.0168914592921114	-0.00670497778486066	0.0542846842937981	0.00902665551189041	0.028680696573091	0.0139286397903473	-0.0418079710473335
S_Georgian-2	-0.0113813410908943	-0.160670848706393	-0.0035885394932192	0.000212449171256467	0.00206223177603224	0.00165920425394684	-0.0291713979769437	-0.0365401582786309	-0.0163583468777634	-0.0318831837956755	-0.00810237393483975	0.0646043253864918
S_Georgian-1	-0.0111814309027182	-0.155651043521769	0.000302966582532625	0.00462548023003453	0.000427269227298851	-0.000372146783764999	-0.025712895384752	-0.0509710357307693	-0.0141692792075335	-0.0351201322936115	-0.0115564851496767	0.0683882752258747
S_Greek-1	-0.00751902302534592	-0.167753200147008	0.00176086817247379	-0.000109793847549363	-0.0323020585104443	-0.0122973004079663	-0.0118396280140555	0.0132974591138183	-0.00144359395178107	-0.000864873861392226	-0.00615059549915244	0.00799914502572016
S_Greek-2	-0.0111175450867595	-0.166628641946035	-0.00288588091900814	0.00501894217265452	-0.00492413284359029	-0.00270992078237472	-0.0394404277933657	-0.0503234157208659	-0.00782547437728795	-0.00760074200130365	0.000348601252713585	0.0385800573742099
S_Hungarian-2	-0.00278672743022116	-0.164590927162659	0.0101686165194454	-0.00350229063492101	-0.047579350705313	-0.0103803830417152	0.0125977250041916	0.0693906200330311	9.32298093168599e-05	0.00277335489292814	0.00496972538442688	-0.00962174821139958
S_Hungarian-1	-0.000510937211102382	-0.164861956304505	0.00737041192247535	-0.0037726438021144	-0.0458694510689261	-0.00965913317079168	0.0118163972847498	0.0673229274226566	0.000841069209554349	0.00498127211714748	0.00287435660652848	-0.0201837494181763
S_Icelandic-1	0.00209735358293862	-0.165171791016479	0.00781276997187283	-0.00759227328316585	-0.0445917670988729	-0.00790584587687864	0.0267632875937887	0.0889186007087117	0.00829206921876381	0.012770960850299	-0.00580674502952094	-0.00264725332519039
S_Icelandic-2	0.00255246671009989	-0.166774022386522	0.00817930790700694	-0.0070701417908049	-0.0443593487279524	-0.00950167669249871	0.0226964222396954	0.0806596821150993	-0.00385090167336774	-0.00819048910837872	0.0251233926632042	-0.0347496546113093
S_Iranian-1	-0.0116209504043736	-0.130108101949862	-9.42726921671587e-07	0.00177649351375349	0.0193253714337931	0.00748553285810086	-0.0207932511748475	-0.0463637852113427	-0.0128988128295931	-0.0299586323664909	-0.00713852821561434	0.0368443375903757
S_Iranian-2	-0.00782524687080368	-0.140898812945336	-0.00325086547042153	0.00297740882665971	0.0169724687844522	0.00606314665341211	-0.0213110768255327	-0.0422699972865497	-0.0099524081040294	-0.0282285244280408	-0.0029509869091259	0.045389819739473
S_Iraqi_Jew-2	-0.0219846132621559	-0.153503142370354	-0.00400615073352411	0.00776436026775994	-0.00129667577762677	-0.000513949955772079	-0.0480593295967363	-0.0673250192755802	-0.0125049488341117	-0.0049032985585565	-0.0113694240597013	0.012871050354547
S_Iraqi_Jew-1	-0.0172955382563167	-0.152545297032046	-0.00487029293340922	0.00607873489354303	-0.002773368471484	-0.00221123653370929	-0.0438976950803163	-0.0651495325308113	-0.0115817773261574	-0.0033736581265533	-0.00652014030988837	0.0196979774642297
S_Samaritan-1	-0.0271244470290091	-0.157982163324779	-0.00361901586375896	0.00468982669282571	-0.010523818475433	-0.0125749391398615	-0.0609926061487409	-0.091866063106072	0.0022167762990392	0.0241355438367622	-0.00305235600840685	-0.00733767204606913
S_Druze-2	-0.0215237851131924	-0.155078442615771	-0.00371862863874941	0.00208599218421232	-0.00989009752079378	-0.0108150092018361	-0.0441897649962011	-0.0708068337929495	-0.00638945289591742	0.0165465713899832	-0.00611982988562155	0.0118848978933261
S_Druze-1	-0.0243778236161601	-0.153707878042442	-0.00348008338007837	0.00493851816416611	-0.0134681230095347	-0.00859605357086059	-0.0379340884996015	-0.0591850281501715	-0.00128048381400896	0.00103204519621684	-0.0117930315243808	0.0276907345574436
S_Palestinian-2	-0.0338014616749551	-0.142425346061917	-0.00124493947140184	0.00550078074424537	-0.0123661805773474	-0.0111741037083305	-0.0457937620754446	-0.0676753514279438	0.00478309890653573	0.00331238304402036	-0.0129584176096332	0.00524597270248832
S_Palestinian-3	-0.0365063531415102	-0.143912158741532	-0.00533912034631499	0.00408473956215546	-0.0130935807573761	-0.0199678227721156	-0.0496570682958415	-0.0733345397876441	0.00249581535086456	0.0136520980335635	0.00692373483933613	-0.00738089404301088
S_Palestinian-1	-0.0357638220016762	-0.138559764168292	-0.00125927823566261	0.00598150234035161	-0.0119577781212156	-0.0110957545816666	-0.0428337681021399	-0.0618839046033027	-0.000218376939039297	-0.00169599431545595	-0.00323463685915317	0.00785919497119848
S_BedouinB-1	-0.0366876270747441	-0.14524192444569	-0.00348906961884098	0.00799884858851188	-0.0168871519878114	-0.0227916541658564	-0.0737616182036544	-0.121513672814854	0.0119210344171342	0.056341758474219	-0.0124356456769202	-0.0573616798075228
S_BedouinB-2	-0.0365952457461648	-0.144561972298916	-0.000536609357163784	0.00759175930440762	-0.0165569730105383	-0.0210141026327697	-0.0725212207940938	-0.112484837035939	0.00859117837751723	0.0456275020591909	0.00160490826865578	-0.0509647109267303
S_Bergamo-1	-0.00843239376547863	-0.170974860617144	0.00117665489079967	-1.38590703802052e-05	-0.0445455583608649	-0.0170257789713059	-0.0156169963075603	0.0193950113311289	0.00698592539052164	0.0184469859001837	-0.000882319290828742	-0.00821580087506164
S_Bergamo-2	-0.00704107601743517	-0.17173098636967	0.00229315200268905	2.24408109313607e-05	-0.0388622178678282	-0.0101683022583874	-0.0172428145396095	0.0155476101381011	0.00592951385944828	0.0124547343323651	0.0117303379831018	-0.00792995112400437
S_Sardinian-1	-0.0149056525524241	-0.178815148799515	-0.000670350767055943	0.00301956597190864	-0.0631133940517033	-0.0266786560497525	-0.0419534124286915	0.00479366164254673	0.0094514095262829	0.0685450820881126	0.0227485809184708	-0.081201522690349
S_Sardinian-2	-0.0131119949909828	-0.178806250035266	-0.00118569600969551	0.00366414185794165	-0.0587613769581934	-0.023227898873372	-0.0364389910693872	0.00646833699640142	0.0142106880170807	0.050792034805898	0.0195060176980071	-0.0645836762418252
S_Tuscan-2	-0.010049670338607	-0.168298510938634	0.00453722925222548	0.00027580419403344	-0.0380663396542463	-0.0173779523366643	-0.0156127695528146	0.00468810500680568	-0.00628054921539506	0.0010376730541091	0.0117869205018708	-0.0161798712498453
S_Tuscan-1	-0.00856730597633132	-0.168362219242757	0.00509757880964006	-0.00185746427110972	-0.041716729989142	-0.0145267011837417	-0.0231360783921229	0.00950286857396632	-0.00417527486066763	0.00110083687480395	-0.00448075737171929	-0.0116786499094855
S_Jordanian-3	-0.0309787733356448	-0.139989328629787	-0.000599670282317469	0.00367797416852764	-0.00828191881101178	-0.0146098142483834	-0.0322755772602643	-0.0651921594816604	-0.00241722723860274	0.00729315752917488	-0.00737704136156142	-0.00328499058224397
S_Jordanian-2	-0.0362078702300824	-0.141285699445504	-0.00169936418831398	0.00547724258217236	-0.0107882108008585	-0.0191156296078798	-0.0412613074027403	-0.0716714872989958	0.00259075949561955	0.0189228756224988	-0.00851919022939798	0.00472407163112003
S_Jordanian-1	-0.0367953278442884	-0.146000090077148	-0.000389767611462504	0.00922499324147283	-0.00590495257452156	-0.0161424649295265	-0.0481816534999526	-0.0749668774095724	0.000379228484380427	0.0094203777739928	-0.00269551373102294	-0.0100113426194561
S_Kyrgyz-2	0.0759618402402961	0.0160842862341986	0.0162881892786	0.052507172143561	-0.0221791438166508	-0.00967251454359778	0.0332436337565236	-0.0161273070518644	-0.00670190236129413	-0.0127988857235001	0.0487848290075117	0.00894302614215086
S_Kyrgyz-1	0.0777075872469165	0.0213891447496811	0.0174094526248148	0.0511813165744525	-0.0213164408377748	-0.00428457039158598	0.0362499949174741	-0.0190939818451094	-0.0066345039679736	-0.0093404128515694	0.0436247881876365	0.0139360863469638
S_Norwegian-1	0.00348774114819454	-0.163041601475087	0.0090361837757438	-0.010226571111388	-0.0532817246852769	-0.00918087865246887	0.0262407744884448	0.087124075212336	0.00357809452343268	0.00957824201548494	-0.0192824635333813	-0.00279828644024233
S_Orcadian-1	-0.00428844153649906	-0.167670011841119	0.00739834670896962	-0.0103436568073963	-0.0437461779636976	-0.00855740086628841	0.0208928409706177	0.0865934370834643	0.00242031130063678	-0.00372176903024616	0.00319703752900184	0.014119374819131
S_Orcadian-2	0.00324195708940885	-0.165728858004092	0.00832854431580841	-0.00767543121660566	-0.0438562738530568	-0.0135222170107056	0.0202347721061861	0.0836322160086736	0.0097900221842374	0.00555377550826307	0.00609538330123029	-0.011316993349469
S_Polish-1	-0.000657233929678565	-0.162018139363737	0.0042881307350656	-0.00752930043678329	-0.0463222603706171	-0.00833262455859122	0.0221817875665397	0.0739185771638	0.00234833958149621	0.00489983693392431	0.000670410162331844	-0.0232610093568499
S_Russian-1	0.0112926644551608	-0.145122003210711	0.0107925905116227	-0.00394063202106944	-0.0447021211212361	-0.00998247517391174	0.0396300661476027	0.0732761938729269	-0.0010923744871205	-0.00106124049578804	0.00799089700376014	0.00648019829513996
S_Russian-2	0.0123872802121675	-0.143578187180925	0.00996409615499406	-0.00333884798948845	-0.0470604715979579	-0.00774586913166714	0.0420988274199207	0.0741588388412766	-0.00440958346907553	0.00260590345624548	-0.00104539756765741	-0.00655721612298783
S_Abkhasian-2	-0.00639790043018424	-0.153647755684583	-0.00132760809720532	0.00819422289019998	0.00192134771014423	0.00234448074339717	-0.0171722937126308	-0.0327294812735892	-0.0165701906189173	-0.0349159104849634	0.000550537752978417	0.0666177979679874
S_Chechen-1	0.000954504946975213	-0.144083998523648	0.00254007884674655	-0.00373533151448478	-0.00399437336151878	0.00287840258906423	-0.00590046607170147	-0.0124428730957164	-0.0127892582456942	-0.0350091926920931	-0.00726415257526079	0.0531040789586905
S_Lezgin-2	-0.00388915907694737	-0.152681346111097	0.00469507483974503	-0.00201946319476087	0.00629319675369582	0.00521528561019771	-0.00346006139621287	-0.0184224185221017	-0.0165100476201861	-0.0402905147094753	-0.00918774424101979	0.0760904211918608
S_Lezgin-1	-0.00035941001439808	-0.146930424806542	0.00368968803041883	-0.000368933596288376	-0.00241977526362534	0.00329990449905132	-0.0033821209455446	-0.0164646373323004	-0.0177798897256516	-0.0385286044733229	-0.00155374515175375	0.0717881466951693
S_North_Ossetian-1	0.00274704863539565	-0.139053644533669	0.00555476628428398	0.0103372085889266	-0.00330240671735597	0.00177759613647858	-0.00624757060703042	-0.0338419462217825	-0.00908728041273586	-0.0361852297855581	-0.00269178919267036	0.0676813632472977
S_North_Ossetian-2	0.000982653240431937	-0.139037539012129	0.00315278857718685	0.00608400117943582	-0.00981231679649722	0.00311687207136463	-0.0036871417074444	-0.0321622842530432	-0.00344926878721665	-0.0393449040083603	-0.00695968390511794	0.0617664346130351
S_Adygei-1	0.00327536494283267	-0.150749957870898	0.00585491321001552	0.00427442129959359	-0.00418721550998723	0.00323148600496235	-0.0127439999775565	-0.021825774114828	-0.019153854437782	-0.0369614058261218	-0.00475817369103087	0.0651143809914305
S_Adygei-2	-0.000488120818584952	-0.146871234152887	0.00437902154789736	0.00580358804371181	0.000782825946514689	0.00562329348932207	-0.0131808308677211	-0.0259563983569386	-0.0125703054922688	-0.0341609415383441	-0.000752694242537792	0.0667446046950218
S_Spanish-1	-0.00938808976496217	-0.170004915183573	0.0019473387578116	-0.0030966756660452	-0.0468315945106788	-0.0187578836084158	-0.010661234180427	0.0412518249973181	0.00658159131474717	0.0295086327588435	0.0103211047325926	-0.0118477906782131
S_Spanish-2	-0.0126566109776432	-0.167940419791329	-0.000265254528746469	-0.000143221403519507	-0.0487272487470876	-0.0207500881586946	-0.0217215676951226	0.0237992943063983	0.00688186856043198	0.017517689305418	0.0178974520774711	-0.030399267048571
S_Tajik-1	0.0124895178818111	-0.117672068035102	0.00583962666879424	-0.00474566592267243	0.0237785528664918	0.0181277604198424	0.0291303074987189	0.00318594600483515	-0.0100769077581209	-0.0520825219905535	-0.0083149970396685	0.074573453235046
S_Tajik-2	0.00880347361923503	-0.123726865483865	0.00696971506177597	-0.00531789045898026	0.0152370205244733	0.016978771343877	0.0199130944236279	0.00161912785750048	-0.0112086627268659	-0.0485953371868941	-0.01563171697931	0.0333703071277645
S_Turkish-2	-0.00304856002936266	-0.140529952935158	0.00376626439018581	0.00995770319964206	-0.00583899701344152	-0.00532766774319547	-0.0168584357092809	-0.0405038276427725	-0.0055152159485478	-0.0154453903624507	0.000301745639565293	0.0393672172031689
S_Turkish-1	-0.00331323570101429	-0.140557505249206	-0.00127584604943267	0.0104295792764864	-0.00721823489047411	-0.00412951940354314	-0.0218855307178485	-0.0413025213984183	-0.0085773434051416	-0.00163757949493879	0.00173395415282976	0.0164951594580299
S_Yemenite_Jew-2	-0.0375381124274903	-0.148117101491337	-0.0035771139509943	0.00982635144591213	-0.015183172750993	-0.0180647048546401	-0.0651469413560163	-0.093753621673708	0.00662569686760688	0.0364720744774445	-0.0183192939226331	-0.0263833633963748
S_Yemenite_Jew-1	-0.0352963397304755	-0.144588073320576	-0.00509449654003881	0.0111248716311085	-0.0113594819569242	-0.0146449513257187	-0.0667865448701502	-0.100383877041462	0.00393741728402802	0.0494186700622747	-0.0103519549782077	-0.0139353378580698
B_Crete-2	-0.0134935799273788	-0.165691097453842	0.000522018892902859	0.0043431825272216	-0.0230494854436429	-0.00964965324469445	-0.0315908125915027	-0.0302899515976038	-8.94090115506594e-05	0.0072971527704567	-0.00171852966758718	0.0161095282378739
B_Crete-1	-0.0112046376663808	-0.161828558434766	0.00187285007367331	0.000489833184642624	-0.0236680739737453	-0.011598528827575	-0.028756884542096	-0.0251400349466165	-0.00205799673379234	0.00918393586804121	0.00305109870814833	0.0100127784601652
BR_Kharia-1	0.0437855576464083	0.0108210870141708	-0.0319138841566473	0.043302157746449	0.104563817398515	0.0438257800670125	0.000612551273262729	0.0284633355915695	0.00655749583819327	0.0256272926796663	-0.00605724853237002	-0.0435219846041287
BR_Kurumba-1	0.0330738358588277	-0.00554288139465685	-0.0387727029438627	0.0261624220640663	0.125781080759061	0.0583112627698248	0.0237960747547947	0.0160511203375051	0.00628768123180108	0.0376493883633297	0.00943928187515252	-0.0528338014546411
BR_Onge-1	0.0451835976741681	0.0447912872848046	-0.0597223459941708	0.0316563090828103	0.0910587200350828	0.036150822070491	-0.00284995751192882	0.056802182682543	0.0784144143300258	0.30164698833224	0.0282913684885375	0.235211164198963
BR_Onge-2	0.0454635088026277	0.042070338422251	-0.0544081041223274	0.0317144375758356	0.0924734714626617	0.0361457223603508	-0.000330494332628546	0.0581663752645304	0.0804385997596244	0.305572224710357	0.0235863534785354	0.237145335003853
BR_Mala-1	0.0302417140481614	-0.0326499770372465	-0.0337185920058241	0.0192422807352634	0.128686872376775	0.0584323145744924	0.0257808207137923	0.0154347637699953	0.00588671906610543	0.0110914370228569	0.0113403317634457	-0.0487168603318377
BR_Kashmiri_Pandit-1	0.016515958263758	-0.088924623617207	-0.00807405953843305	0.0113774419975259	0.0689742758472757	0.0370531764289063	0.0216159697319981	0.000294584256666978	-0.0146671297740889	-0.0382938584993475	0.00200258119035604	0.0107493164646942
B_Dai-4	0.105404970992598	0.102070321553277	-0.000959902041043217	0.106346937606852	-0.00702910695211403	-0.00560183614786963	-0.0513814231493594	0.0269586883578136	-0.000920549674936405	-0.00948280610277073	-0.0409683424223216	0.00344686833528057
B_French-3	0.00188611517016553	-0.167452081087607	0.00628665462358933	-0.0066683228757926	-0.0411505024224151	-0.00831051850642995	0.0188893719531483	0.0656113092930812	0.000205755334296852	-0.0106067341168836	0.00479535414242174	-0.0109236475187895
B_Han-3	0.111638454260498	0.109569564408991	0.00800750441370861	0.102800280061989	-0.0216076858422894	-0.0106814195296627	-0.0262061092758159	0.00526024869173163	-0.00488240492631695	-0.0153824828954651	0.0113524280518606	-0.00296837309724969
B_Mandenka-3	-0.291323505486826	0.0858659755407994	0.0247309864885242	-0.00294264531548346	0.0305747063902081	-0.0817309029059785	0.00981146352938703	0.0106882977168127	0.0249742175868515	-0.0208960814904134	0.00324046148629853	0.0143285097017075
B_Mbuti-4	-0.312873808165257	0.105853423500046	0.0262258818980323	-0.00637864245064477	-0.0488488755513622	0.106250563054402	-0.00441831411991676	0.00708204664192244	-0.23714200151416	0.0616317095151126	-0.014325967372815	-0.00441484027890802
B_Papuan-15	0.0446644661045762	0.0822618134578962	-0.303406236681588	-0.115752069199941	-0.0217265839813099	-0.0119903285936579	0.000882445839029575	-0.00490007837590138	0.000221392597329771	-0.00838635790756506	0.00353509987955083	-0.00173247645060158
B_Ju_hoan_North-4	-0.311491821448057	0.103774556504301	0.0266832695509709	-0.00950932041562647	-0.107783949913583	0.229977778748565	-0.0125546085784272	-0.0119222395839053	0.106779622541839	-0.0223747738320649	0.00786670118207634	0.000924585678646144
B_Sardinian-3	-0.0191417423426165	-0.180991182107106	0.00340582842156678	0.000264283767750752	-0.055436349840932	-0.0247381686502582	-0.0440682462190423	0.000528402756943005	0.0126871507203789	0.0659457342955698	0.0246075894179378	-0.0691562428366008
B_Yoruba-3	-0.29869282071002	0.0933468001702436	0.0246259071924258	-0.0011169361236191	0.0330511269722367	-0.0827133813621934	0.011182224468023	0.0136483496180559	0.0188470891165	-0.0192091885839047	-0.00292079540444256	0.02196151012401
B_Karitiana-3	0.139221351890009	0.0904840285115012	0.144262865815673	-0.190357394577494	0.0182316626397454	0.000222513871096311	-0.0645906278882361	0.023377178621219	-0.00371929444275932	-0.00477617947084604	0.0592747541327358	0.0110374750955745
B_Mixe-1	0.135997513220459	0.0873206083112022	0.138812410414613	-0.166475643188906	0.0133766455665354	0.00114989952553237	-0.0320364748417518	0.00290461335238476	-0.00559483691084727	-0.0106206758332121	0.00395354216383947	-0.000128407249903513
B_Dinka-3	-0.273738757282854	0.0820788979772245	0.019069382294491	0.000595746375826743	0.0329536091137648	-0.0680912081844898	0.0078141508849943	-0.00552936804665411	-0.00322358562612629	0.0161998307127619	0.00516161773944566	-0.0390795787233828
